6171445
5176963
5134469
6161185
5168061
5022330
5179650
6170010
5138679
5095686
5159230
5132426
5157488
6156040
5129543
5108603
5195647
5102678
6162884
6119155
6198800
5150917
5176043
5007843
5125303
5103551
5147832
6199745
5115027
5157209
6146576
6138212
5111333
5171672
6108156
5148387
5135750
5009961
5111691
6195065
5196855
5103349
5104912
6173619
5080782
5115126
5110044
6161833
6171620
5033674
5104125
5108241
6157186
5145724
5198596
5128506
5137749
6109189
6114530
5043543
6108164
5187922
6138566
6113153
5103963
5073529
6122847
6141978
5051552
5124155
5146190
5019268
6158349
5115473
6193971
6141263
6165779
5188179
5171715
5015137
5169627
5191633
5024389
6132124
5083047
5189495
5163069
5069158
5133881
6147586
5026856
5185152
5161741
6155103
5182300
5141588
5096322
6192084
5158452
5196849
